0.000310	107.081150	100.610228
0.005809	107.115648	100.642641
0.010677	106.956511	100.493121
0.019295	106.974316	100.509850
0.023137	107.307058	100.822485
0.027100	107.017717	100.550628
0.034578	107.400537	100.910315
0.039640	107.027733	100.560039
0.044574	107.034410	100.566313
0.050825	106.975429	100.510896
0.059383	106.967639	100.503577
0.062831	107.104520	100.632186
0.066248	106.861919	100.404245
0.073513	107.420568	100.929135
0.078872	107.265883	100.783798
0.083248	107.229159	100.749293
0.091375	107.425020	100.933318
0.098367	106.716136	100.267272
0.101808	107.206902	100.728381
0.105692	107.250303	100.769159
0.112951	106.966526	100.502531
0.118499	107.222481	100.743019
0.122626	106.952059	100.488938
0.131463	107.270334	100.787980
0.138187	107.269221	100.786934
0.141343	107.066683	100.596635
0.144075	107.017717	100.550628
0.152414	107.230271	100.750338
0.158283	107.150146	100.675055
0.161991	106.759537	100.308050
0.171162	106.800712	100.346737
0.176952	106.875273	100.416792
0.179768	106.796261	100.342555
0.183361	106.767327	100.315370
0.190851	107.086714	100.615456
0.197181	106.789584	100.336282
0.200519	106.699443	100.251588
0.209878	107.021056	100.553766
0.216749	106.528064	100.090565
0.219225	106.904207	100.443978
0.223668	106.544757	100.106249
0.231048	106.597061	100.155393
0.236844	106.352234	99.925361
0.240474	106.723925	100.274590
0.250567	106.203112	99.785250
0.255744	105.990558	99.585541
0.259046	106.120762	99.707876
0.264763	106.199774	99.782114
0.270833	106.262093	99.840667
0.276556	105.813616	99.419291
0.279973	106.110746	99.698466
0.288974	105.760199	99.369102
0.295468	105.752409	99.361783
0.299152	105.958286	99.555219
0.304736	105.615529	99.233175
0.311115	105.571015	99.191351
0.316250	105.115860	98.763701
0.321591	105.253853	98.893355
0.330658	104.773103	98.441657
0.335259	104.993446	98.648684
0.337723	105.379605	99.011508
0.345279	104.955610	98.613135
0.352077	104.794247	98.461523
0.357041	104.419217	98.109156
0.361685	104.645125	98.321412
0.371147	103.717010	97.449383
0.375389	103.762636	97.492252
0.379510	103.909532	97.630271
0.386545	103.014802	96.789610
0.392389	102.800023	96.587810
0.396959	102.666481	96.462338
0.402804	102.404962	96.216623
0.412910	101.630419	95.488885
0.416315	100.972726	94.870937
0.420921	100.671144	94.587579
0.428210	99.871006	93.835794
0.434049	98.629067	92.668905
0.438571	97.785529	91.876342
0.446091	96.010536	90.208612
0.454284	93.209497	87.576840
0.457841	91.635929	86.098363
0.462794	88.830439	83.462409
0.470829	82.254619	77.283966
0.476431	76.378780	71.763205
0.480200	70.778928	66.501752
0.488649	55.300322	51.958519
0.496551	32.017311	30.082503
0.500508	22.139671	20.801769
0.504848	3.920120	3.683227
0.513029	-20.901960	-19.638853
0.518194	-35.656102	-33.501401
0.522625	-44.870485	-42.158958
0.530940	-58.179037	-54.663273
0.539121	-64.379827	-60.489349
0.542739	-65.494901	-61.537039
0.546217	-66.311732	-62.304509
0.555412	-65.336877	-61.388565
0.561268	-63.374925	-59.545174
0.564406	-61.022364	-57.334778
0.574123	-55.822024	-52.448695
0.581904	-51.447418	-48.338447
0.585437	-49.523304	-46.530607
0.591154	-46.337219	-43.537057
0.598498	-41.431784	-38.928058
0.603535	-39.177154	-36.809676
0.607383	-36.593120	-34.381795
0.617883	-31.331574	-29.438205
0.624523	-26.622000	-25.013231
0.627448	-24.602180	-23.115468
0.633196	-21.578572	-20.274577
0.641062	-18.049730	-16.958983
0.646415	-15.522452	-14.584429
0.649741	-14.558725	-13.678940
0.660077	-11.175667	-10.500321
0.666250	-9.840249	-9.245602
0.669685	-8.747432	-8.218824
0.676325	-7.694677	-7.229687
0.683305	-7.238410	-6.800992
0.687286	-6.042098	-5.676974
0.691298	-5.456740	-5.126989
0.701883	-4.679972	-4.397161
0.707861	-4.390631	-4.125305
0.709494	-4.270443	-4.012380
0.717366	-3.686198	-3.463441
0.723921	-3.534851	-3.321240
0.728988	-3.493675	-3.282552
0.732660	-3.157595	-2.966781
0.743106	-2.920559	-2.744069
0.748835	-2.769211	-2.601867
0.752574	-2.856013	-2.683424

